(0.0000, 10.0000)|(0.1500, 0.1500)#9999#0
(6.8992, 13.1781)|(0.1500, 0.1500)#9998#0
(19.0690, 12.6373)|(0.1500, 0.1500)#9997#0
(0.7116, 28.5386)|(0.1500, 0.1500)#9996#0
(12.5343, 25.2656)|(0.1500, 0.1500)#9995#0
(22.3453, 18.1870)|(0.1500, 0.1500)#9994#0
(22.3453, 18.1870)|(0.1500, 0.1500)#9993#1
(-5.7084, 17.8862)|(2.0000, 2.0000)#9992#0
(24.9385, 11.8383)|(2.0000, 2.0000)#9991#0
(24.7224, 24.6850)|(2.0000, 2.0000)#9990#0
(16.4542, 17.8661)|(0.1500, 0.1500)#9989#1
(-6.1637, 87.0924)|(0.1500, 0.1500)#9988#1
(5.2886, 17.3689)|(0.1500, 0.1500)#9987#1
(4.7501, 22.9038)|(0.1500, 0.1500)#9986#1
(15.8139, 23.3276)|(0.1500, 0.1500)#9985#1
(9.6008, 23.0461)|(0.1500, 0.1500)#9984#1
(15.8870, 28.9732)|(0.1500, 0.1500)#9983#1
(-50.4733, 112.4527)|(0.1500, 0.1500)#9982#1
(2.6874, 30.6821)|(0.1500, 0.1500)#9981#1
(23.2062, 41.2623)|(2.0000, 2.0000)#9980#0
(15.3031, 46.6898)|(2.0000, 2.0000)#9979#0
(9.0637, 47.8550)|(2.0000, 2.0000)#9978#0
(25.7365, 35.4917)|(2.0000, 2.0000)#9977#0
(-7.3667, 35.1695)|(2.0000, 2.0000)#9976#0
(19.5257, 5.0177)|(2.0000, 2.0000)#9975#0
(13.2173, 5.6674)|(2.0000, 2.0000)#9974#0
(22.4032, 27.4346)|(2.0000, 2.0000)#9973#1
(22.1241, 33.5746)|(2.0000, 2.0000)#9972#1
(9.3008, 42.5929)|(2.0000, 2.0000)#9971#1
(8.4976, 36.0812)|(2.0000, 2.0000)#9970#1
(1.8802, 36.1581)|(2.0000, 2.0000)#9969#1
(-4.1919, 34.8176)|(2.0000, 2.0000)#9968#1
(-4.3626, 22.7365)|(2.0000, 2.0000)#9967#1
(-3.9899, 16.5077)|(2.0000, 2.0000)#9966#1
(1.2214, 12.3230)|(2.0000, 2.0000)#9965#1
(7.2154, 11.1620)|(2.0000, 2.0000)#9964#1
(13.7627, 11.4088)|(2.0000, 2.0000)#9963#1
(20.1746, 11.5600)|(2.0000, 2.0000)#9962#1
(21.3477, 46.3732)|(0.1500, 0.1500)#9948#1
(21.3477, 46.3732)|(0.1500, 0.1500)#9947#0
(45.7647, 52.4861)|(0.1500, 0.1500)#9946#0
(46.1109, 56.9840)|(0.1500, 0.1500)#9945#0
(54.5212, 51.6596)|(0.1500, 0.1500)#9944#0
(54.4209, 56.2728)|(0.1500, 0.1500)#9943#0
(64.2453, 51.3700)|(0.1500, 0.1500)#9942#0
(64.3681, 55.5323)|(0.1500, 0.1500)#9941#0
(48.4438, 19.4968)|(2.0000, 2.0000)#9925#0
(63.7709, 61.7818)|(0.1500, 0.1500)#9899#0
(63.7709, 61.7818)|(0.1500, 0.1500)#9898#1
(64.3681, 66.1496)|(0.1500, 0.1500)#9897#1
(21.5423, 85.6574)|(0.1500, 0.1500)#9896#1
(-5.7755, 108.2993)|(0.1500, 0.1500)#9895#1
(-30.1879, 115.7465)|(0.1500, 0.1500)#9894#1
(-38.5403, 112.1892)|(0.1500, 0.1500)#9893#1
(-38.5403, 112.1892)|(0.1500, 0.1500)#9892#0
(-28.1386, 116.4290)|(2.0000, 2.0000)#9891#0
(-51.0847, 116.4226)|(2.0000, 2.0000)#9890#0
(-38.1054, 102.0745)|(2.0000, 2.0000)#9889#0
(-27.7623, 106.3455)|(2.0000, 2.0000)#9888#1
(-51.4605, 106.2794)|(2.0000, 2.0000)#9887#1
(48.8612, 32.9646)|(0.1500, 0.1500)#9886#1
(11.0208, 27.8004)|(0.1500, 0.1500)#9885#1
(9.7442, 17.5421)|(0.1500, 0.1500)#9884#1
(-20.5740, 33.7453)|(0.1500, 0.1500)#9864#0
(1.3098, 109.6091)|(2.0000, 2.0000)#9842#0
(-4.9162, 8.5885)|(2.0000, 2.0000)#9841#0
(46.4092, 28.5761)|(0.1500, 0.1500)#9831#0
(82.8221, 15.9249)|(0.1500, 0.1500)#9830#0
(79.7899, 20.7815)|(0.1500, 0.1500)#9829#0
(80.5324, 25.5406)|(0.1500, 0.1500)#9828#0
(84.6602, 27.2835)|(0.1500, 0.1500)#9827#0
(79.7386, 50.1259)|(0.1500, 0.1500)#9826#0
(78.8642, 38.4321)|(2.0000, 2.0000)#9825#0
(83.9298, 34.3168)|(2.0000, 2.0000)#9824#0
(78.9747, 32.5800)|(0.1500, 0.1500)#9823#0
(78.9747, 32.5800)|(0.1500, 0.1500)#9822#1
(82.6305, 34.5638)|(0.1500, 0.1500)#9821#1
(78.9852, 36.8096)|(0.1500, 0.1500)#9820#1
(82.7302, 39.0485)|(0.1500, 0.1500)#9819#1
(80.2792, 43.7849)|(0.1500, 0.1500)#9818#1
(80.2792, 43.7849)|(0.1500, 0.1500)#9817#0
(62.4783, 108.2710)|(2.0000, 2.0000)#9816#0
(69.0449, 107.6442)|(2.0000, 2.0000)#9815#0
(74.1127, 103.9411)|(2.0000, 2.0000)#9814#0
(68.0735, 102.1678)|(2.0000, 2.0000)#9813#0
(72.9772, 99.8122)|(2.0000, 2.0000)#9812#0
(67.2788, 96.8718)|(2.0000, 2.0000)#9811#0
(61.7353, 103.3864)|(2.0000, 2.0000)#9810#0
(72.7017, 93.7481)|(2.0000, 2.0000)#9809#0
(76.9694, 96.8995)|(2.0000, 2.0000)#9808#0
(60.9258, 98.7181)|(2.0000, 2.0000)#9807#0
(64.9477, 100.3493)|(2.0000, 2.0000)#9806#0
(65.9826, 105.7389)|(2.0000, 2.0000)#9805#0
(76.2588, 95.8552)|(2.0000, 2.0000)#9804#1
(73.8571, 101.1840)|(2.0000, 2.0000)#9803#1
(70.9705, 98.0627)|(2.0000, 2.0000)#9802#1
(63.8887, 102.5801)|(2.0000, 2.0000)#9801#1
(65.5510, 97.8455)|(2.0000, 2.0000)#9800#1
(68.4649, 95.3730)|(2.0000, 2.0000)#9799#1
(68.9883, 102.3505)|(2.0000, 2.0000)#9798#1
(71.2691, 92.1453)|(2.0000, 2.0000)#9797#1
(67.4289, 108.6751)|(2.0000, 2.0000)#9796#1
(75.3913, 105.8665)|(2.0000, 2.0000)#9795#1
(-40.7384, 13.2289)|(2.0000, 2.0000)#9794#0
(-40.5875, 15.6436)|(0.1500, 0.1500)#9793#0
(-40.5875, 15.6436)|(0.1500, 0.1500)#9792#1
(50.4618, 37.2677)|(0.3400, 0.3400)#9787#0
(-38.5193, 71.6482)|(0.3400, 0.3400)#9786#0
(-40.3969, 75.6880)|(0.3400, 0.3400)#9785#0
(-43.1644, 80.9568)|(0.3400, 0.3400)#9784#0
(-40.7460, 84.7455)|(0.3400, 0.3400)#9783#0
(-52.1012, 52.6758)|(0.3400, 0.3400)#9782#1
(-47.8650, 53.9413)|(0.3400, 0.3400)#9781#1
(-35.3744, 52.7120)|(0.3400, 0.3400)#9780#1
(-46.1913, 58.1573)|(0.3400, 0.3400)#9779#1
(-41.5922, 54.4811)|(0.3400, 0.3400)#9778#1
(-41.2388, 48.8976)|(0.3400, 0.3400)#9777#1
(-9.0473, 13.4483)|(0.1500, 0.1500)#9776#0
(-39.8830, 67.5255)|(0.1500, 0.1500)#9775#0
(-38.1030, 63.5237)|(0.1500, 0.1500)#9774#0
(-38.1030, 63.5237)|(0.1500, 0.1500)#9773#1
(-39.9817, 58.8977)|(0.3400, 0.3400)#9772#1
(-32.9089, 56.8551)|(0.3400, 0.3400)#9771#1
(4.5331, 4.3721)|(0.1500, 0.1500)#9770#0
(53.8948, 12.5632)|(0.1500, 0.1500)#9769#0
(69.0290, 65.3804)|(0.1500, 0.1500)#9737#0
(62.2103, 73.7372)|(0.1500, 0.1500)#9736#0
(64.0354, 78.3013)|(0.1500, 0.1500)#9735#0
(69.7046, 78.2671)|(0.1500, 0.1500)#9734#0
(73.3826, 82.9406)|(0.1500, 0.1500)#9733#0
(64.0199, 87.1802)|(0.1500, 0.1500)#9732#0
(59.5150, 82.9184)|(0.1500, 0.1500)#9731#0
(24.2152, 61.0153)|(0.1500, 0.1500)#9723#0
(78.2167, 109.2488)|(0.1500, 0.1500)#9722#0
(70.5320, 113.7033)|(0.1500, 0.1500)#9721#0
(59.1655, 92.1021)|(0.1500, 0.1500)#9720#0
(70.6225, 113.7066)|(0.1500, 0.1500)#9719#1
(58.1982, 113.7726)|(0.1500, 0.1500)#9718#1
(52.4330, 30.3019)|(0.1500, 0.1500)#9668#0
(-60.7123, 33.3850)|(0.1500, 0.1500)#9667#0
(-75.1375, 22.7933)|(0.1500, 0.1500)#9666#0
(-76.2294, 26.8217)|(0.1500, 0.1500)#9665#0
(-72.0506, 25.9146)|(0.1500, 0.1500)#9664#0
(-64.5205, 37.4130)|(0.1500, 0.1500)#9663#0
(-83.7129, 37.3672)|(0.1500, 0.1500)#9662#0
(-87.4457, 33.4866)|(0.1500, 0.1500)#9661#0
(13.7304, 19.7445)|(0.1500, 0.1500)#9654#0
(0.4139, 23.0542)|(0.1500, 0.1500)#9653#0
(-9.8458, 22.8536)|(0.1500, 0.1500)#9652#0
(-13.5434, 32.7873)|(0.1500, 0.1500)#9651#0
(0.0484, 47.7456)|(0.1500, 0.1500)#9650#0
(0.6967, 53.6841)|(0.1500, 0.1500)#9649#0
(83.7940, 52.6756)|(0.1500, 0.1500)#9648#0
(88.5380, 50.5447)|(0.1500, 0.1500)#9647#0
(77.7791, 86.0702)|(0.1500, 0.1500)#9646#0
(-33.1727, 50.6848)|(0.1500, 0.1500)#9645#0
(-48.2911, 50.6663)|(0.1500, 0.1500)#9644#0
(-0.3344, 42.5043)|(0.1500, 0.1500)#9643#1
(3.2280, 48.5202)|(0.1500, 0.1500)#9642#1
(10.6806, 48.1831)|(0.1500, 0.1500)#9641#1
(-38.8473, 98.3317)|(0.1500, 0.1500)#9640#1
(-42.3717, 85.9090)|(0.1500, 0.1500)#9639#1
(-41.7280, 81.0897)|(0.1500, 0.1500)#9638#1
(60.4146, 77.9217)|(0.1500, 0.1500)#9637#1
(60.3519, 82.5769)|(0.1500, 0.1500)#9636#1
(60.2876, 87.0939)|(0.1500, 0.1500)#9635#1
(83.1713, 52.4299)|(0.1500, 0.1500)#9634#1
(76.0257, 52.6210)|(0.1500, 0.1500)#9633#1
(-74.7959, 12.6517)|(0.1500, 0.1500)#9632#1
(-7.7902, 54.0911)|(0.1500, 0.1500)#9631#1
(-24.3360, 174.3289)|(0.1500, 0.1500)#9630#0
(-24.3360, 174.3289)|(0.1500, 0.1500)#9629#1
(-48.7684, 107.5602)|(0.1500, 0.1500)#9628#0
(-11.8065, 174.1883)|(0.1500, 0.1500)#9627#0
(94.5646, 48.9900)|(0.1500, 0.1500)#9626#0
(98.5548, 52.2982)|(0.1500, 0.1500)#9625#0
(103.3566, 56.0112)|(0.1500, 0.1500)#9624#0
(109.3972, 58.5581)|(0.1500, 0.1500)#9623#0
(146.2545, 41.0903)|(2.0000, 2.0000)#9622#0
(128.0333, 63.1765)|(2.0000, 2.0000)#9579#0
(168.6844, 19.5172)|(2.0000, 2.0000)#9578#0
(148.6891, 62.5209)|(2.0000, 2.0000)#9577#0
(8.1317, 8.3608)|(0.1500, 0.1500)#9576#0
(-5.2292, 140.7693)|(0.1500, 0.1500)#9575#0
(-13.5888, 143.5407)|(0.1500, 0.1500)#9574#0
(-32.1139, 154.0616)|(0.1500, 0.1500)#9573#0
(-29.3745, 160.1088)|(0.1500, 0.1500)#9572#0
(-10.2967, 160.9973)|(0.1500, 0.1500)#9571#0
(-4.8590, 160.5921)|(0.1500, 0.1500)#9570#0
(19.5498, 146.0287)|(0.1500, 0.1500)#9569#0
(18.8365, 150.7523)|(0.1500, 0.1500)#9568#0
(-47.9897, 146.4127)|(0.1500, 0.1500)#9567#0
(-42.8247, 143.9927)|(0.1500, 0.1500)#9566#0
(-18.4927, 141.8249)|(0.1500, 0.1500)#9565#0
(9.8487, 169.2816)|(0.1500, 0.1500)#9562#0
(26.5280, 172.3654)|(0.1500, 0.1500)#9561#0
(-60.2993, 36.9886)|(0.1500, 0.1500)#9555#1
(64.2479, 91.7714)|(0.1500, 0.1500)#9554#0
(69.6693, 86.9860)|(0.1500, 0.1500)#9553#0
(-45.1157, 116.7381)|(0.1500, 0.1500)#9518#1
(-51.4755, 137.3451)|(0.1500, 0.1500)#9517#1
(-35.2543, 147.4132)|(0.1500, 0.1500)#9504#1
(-43.4478, 152.8736)|(0.1500, 0.1500)#9503#1
(-40.8158, 163.5253)|(0.1500, 0.1500)#9502#1
(-43.5663, 168.5711)|(0.1500, 0.1500)#9501#1
(-35.7192, 168.8948)|(0.1500, 0.1500)#9500#1
(-23.7043, 166.5502)|(0.1500, 0.1500)#9499#1
(-15.4789, 169.9451)|(0.1500, 0.1500)#9498#1
(176.1964, 73.6959)|(0.1500, 0.1500)#9458#1
(171.1911, 73.6861)|(0.1500, 0.1500)#9457#1
(166.3292, 73.6097)|(0.1500, 0.1500)#9456#1
(161.1954, 73.5981)|(0.1500, 0.1500)#9455#1
(156.2698, 73.7266)|(0.1500, 0.1500)#9454#1
(156.3256, 68.6223)|(0.1500, 0.1500)#9453#1
(161.3273, 68.5636)|(0.1500, 0.1500)#9452#1
(166.3308, 68.6423)|(0.1500, 0.1500)#9451#1
(171.2356, 68.5904)|(0.1500, 0.1500)#9450#1
(176.2417, 68.6004)|(0.1500, 0.1500)#9449#1
(176.2789, 63.5725)|(0.1500, 0.1500)#9448#1
(171.1918, 63.6324)|(0.1500, 0.1500)#9447#1
(166.2469, 63.6944)|(0.1500, 0.1500)#9446#1
(161.1709, 63.6164)|(0.1500, 0.1500)#9445#1
(156.2351, 63.6095)|(0.1500, 0.1500)#9444#1
(156.1847, 58.6092)|(0.1500, 0.1500)#9443#1
(161.2489, 58.6199)|(0.1500, 0.1500)#9442#1
(166.1801, 58.6284)|(0.1500, 0.1500)#9441#1
(171.2527, 58.6392)|(0.1500, 0.1500)#9440#1
(176.2607, 58.6488)|(0.1500, 0.1500)#9439#1
(176.2979, 53.6170)|(0.1500, 0.1500)#9438#1
(171.2803, 53.5403)|(0.1500, 0.1500)#9437#1
(166.1270, 53.5997)|(0.1500, 0.1500)#9436#1
(161.2548, 53.5251)|(0.1500, 0.1500)#9435#1
(156.1796, 53.5166)|(0.1500, 0.1500)#9434#1
(156.2043, 48.6451)|(0.1500, 0.1500)#9433#1
(161.2053, 48.5165)|(0.1500, 0.1500)#9432#1
(166.2077, 48.5943)|(0.1500, 0.1500)#9431#1
(171.3511, 48.6742)|(0.1500, 0.1500)#9430#1
(176.2268, 48.6122)|(0.1500, 0.1500)#9429#1
(28.3947, 43.8861)|(0.1500, 0.1500)#9428#1
(151.2025, 76.2347)|(0.1500, 0.1500)#9427#1
(-51.2614, 176.1659)|(0.1500, 0.1500)#9426#0
(-46.0789, 176.1718)|(0.1500, 0.1500)#9425#0
(-41.2378, 176.1720)|(0.1500, 0.1500)#9424#0
(-36.2438, 176.0930)|(0.1500, 0.1500)#9423#0
(-36.2319, 171.1754)|(0.1500, 0.1500)#9422#0
(-41.3130, 171.1644)|(0.1500, 0.1500)#9421#0
(-46.2428, 171.1567)|(0.1500, 0.1500)#9420#0
(-51.3490, 171.0632)|(0.1500, 0.1500)#9419#0
(-51.3567, 166.1133)|(0.1500, 0.1500)#9418#0
(-46.2426, 166.1310)|(0.1500, 0.1500)#9417#0
(-41.2240, 166.1469)|(0.1500, 0.1500)#9416#0
(-36.2169, 166.0806)|(0.1500, 0.1500)#9415#0
(-36.1245, 161.2213)|(0.1500, 0.1500)#9414#0
(-41.2994, 161.1129)|(0.1500, 0.1500)#9413#0
(-46.2436, 161.1748)|(0.1500, 0.1500)#9412#0
(-51.1990, 161.1542)|(0.1500, 0.1500)#9411#0
(-51.2353, 156.1484)|(0.1500, 0.1500)#9410#0
(-46.1240, 156.0798)|(0.1500, 0.1500)#9409#0
(-41.1109, 156.1744)|(0.1500, 0.1500)#9408#0
(-36.1898, 156.1029)|(0.1500, 0.1500)#9407#0
(-36.1794, 151.2490)|(0.1500, 0.1500)#9406#0
(-41.0217, 151.1515)|(0.1500, 0.1500)#9405#0
(-46.2884, 151.0451)|(0.1500, 0.1500)#9404#0
(-51.2403, 151.0280)|(0.1500, 0.1500)#9403#0
(7.8372, 385.3777)|(2.0000, 2.0000)#9402#0
(7.8829, 379.2464)|(2.0000, 2.0000)#9401#0
(7.8517, 379.0109)|(2.0000, 2.0000)#9400#1
(7.9538, 385.0951)|(2.0000, 2.0000)#9399#1
(10.5060, 224.9305)|(0.1500, 0.1500)#9382#0
(6.0897, 235.5386)|(0.1500, 0.1500)#9381#0
(10.6140, 237.9438)|(0.1500, 0.1500)#9380#0
(9.7506, 244.4354)|(0.1500, 0.1500)#9379#0
(5.6660, 252.0241)|(0.1500, 0.1500)#9378#0
(6.1537, 257.3253)|(0.1500, 0.1500)#9377#0
(10.3608, 270.6405)|(0.1500, 0.1500)#9376#0
(7.8620, 276.1125)|(0.1500, 0.1500)#9375#0
(7.8620, 276.1125)|(0.1500, 0.1500)#9374#1
(9.4490, 280.2213)|(0.1500, 0.1500)#9373#1
(8.4283, 285.0542)|(0.1500, 0.1500)#9372#1
(8.0951, 299.6729)|(0.1500, 0.1500)#9371#1
(7.8112, 328.2628)|(0.1500, 0.1500)#9370#1
(7.8892, 333.0120)|(0.1500, 0.1500)#9369#1
(7.8892, 333.0120)|(0.1500, 0.1500)#9368#0
(7.8443, 286.0610)|(2.0000, 2.0000)#9367#0
(7.8534, 293.6014)|(2.0000, 2.0000)#9366#0
(7.6870, 300.1804)|(2.0000, 2.0000)#9365#0
(7.9651, 307.0710)|(2.0000, 2.0000)#9364#0
(7.8087, 313.7552)|(2.0000, 2.0000)#9363#0
(7.8510, 320.3772)|(2.0000, 2.0000)#9362#0
(5.5338, 370.9597)|(0.1500, 0.1500)#9361#0
(10.3354, 370.5605)|(0.1500, 0.1500)#9360#0
(6.0304, 288.9355)|(0.1500, 0.1500)#9349#1
(7.0384, 294.1914)|(0.1500, 0.1500)#9348#1
(5.0087, 264.5162)|(0.1500, 0.1500)#9347#0
(8.9834, 266.2120)|(0.1500, 0.1500)#9346#0
(9.1859, 261.0952)|(0.1500, 0.1500)#9345#0
(5.2416, 230.9168)|(0.1500, 0.1500)#9344#0
(12.8158, 12.6816)|(0.1500, 0.1500)#9324#0
(-59.6726, 37.7890)|(0.1500, 0.1500)#9323#0
(-47.7187, 20.1532)|(0.1500, 0.1500)#9307#0
(59.2516, 113.5651)|(0.1500, 0.1500)#9306#0
(6.5469, 20.7392)|(0.1500, 0.1500)#9133#0
(12.6706, 101.3615)|(0.1500, 0.1500)#9132#0
(64.8938, 113.5789)|(0.1500, 0.1500)#9131#0
(64.8938, 113.5789)|(0.1500, 0.1500)#9130#1
(-11.0697, 62.9134)|(0.1500, 0.1500)#9128#0
(-11.0697, 62.9134)|(0.1500, 0.1500)#9127#1
(-11.1040, 58.0386)|(0.1500, 0.1500)#9126#1
(-11.1040, 58.0386)|(0.1500, 0.1500)#9125#0
(0.7181, 43.3864)|(0.1500, 0.1500)#9124#0
(66.7444, 14.7434)|(2.0000, 2.0000)#9123#0
(68.1929, 20.7016)|(2.0000, 2.0000)#9122#0
(25.8355, 21.6316)|(0.1500, 0.1500)#9036#1
(40.0418, 18.8583)|(0.1500, 0.1500)#9035#1
(51.1329, 19.5813)|(0.1500, 0.1500)#9034#1
(55.6015, 15.7714)|(0.1500, 0.1500)#9033#1
(55.2956, 22.1702)|(0.1500, 0.1500)#9032#1
(54.2259, 27.9767)|(0.1500, 0.1500)#9031#1
(78.1809, 15.7526)|(0.1500, 0.1500)#9030#1
(82.4788, 15.6362)|(0.1500, 0.1500)#9029#1
(83.9219, 19.8765)|(0.1500, 0.1500)#9028#1
(80.6437, 25.0090)|(0.1500, 0.1500)#9027#1
(82.3343, 29.4634)|(0.1500, 0.1500)#9026#1
(66.8539, 20.0827)|(0.1500, 0.1500)#9025#1
(-46.6384, 92.0799)|(0.1500, 0.1500)#9024#0
(-51.8581, 99.4317)|(0.1500, 0.1500)#9023#0
(-56.2168, 106.3536)|(0.1500, 0.1500)#9022#0
(-56.1915, 111.8851)|(0.1500, 0.1500)#9021#0
(15.4398, 35.5672)|(1.0402, 3.3623)#10098#1
(16.3300, 38.7795)|(1.0402, 3.3623)#10098#1
(17.2202, 41.9917)|(1.0402, 3.3623)#10098#1
(66.1803, 55.8383)|(3.0911, 0.9827)#10097#1
(63.2392, 56.6710)|(3.0911, 0.9827)#10097#1
(60.2981, 57.5037)|(3.0911, 0.9827)#10097#1
(57.3570, 58.3364)|(3.0911, 0.9827)#10097#1
(54.4160, 59.1691)|(3.0911, 0.9827)#10097#1
(51.4749, 60.0018)|(3.0911, 0.9827)#10097#1
(48.5338, 60.8345)|(3.0911, 0.9827)#10097#1
(45.5927, 61.6672)|(3.0911, 0.9827)#10097#1
(61.2302, 53.0353)|(3.1149, 0.8934)#10096#1
(58.2653, 53.7787)|(3.1149, 0.8934)#10096#1
(55.3004, 54.5221)|(3.1149, 0.8934)#10096#1
(52.3355, 55.2655)|(3.1149, 0.8934)#10096#1
(49.3706, 56.0090)|(3.1149, 0.8934)#10096#1
(46.4057, 56.7524)|(3.1149, 0.8934)#10096#1
(43.4408, 57.4958)|(3.1149, 0.8934)#10096#1
(40.4759, 58.2392)|(3.1149, 0.8934)#10096#1
(58.4094, 49.4597)|(3.1425, 0.7733)#10095#1
(55.4170, 50.0830)|(3.1425, 0.7733)#10095#1
(52.4245, 50.7064)|(3.1425, 0.7733)#10095#1
(49.4321, 51.3297)|(3.1425, 0.7733)#10095#1
(46.4396, 51.9531)|(3.1425, 0.7733)#10095#1
(43.4471, 52.5764)|(3.1425, 0.7733)#10095#1
(40.4547, 53.1998)|(3.1425, 0.7733)#10095#1
(37.4622, 53.8231)|(3.1425, 0.7733)#10095#1
(45.2732, 47.6135)|(3.7859, 0.6619)#10094#1
(41.6374, 48.1254)|(3.7859, 0.6619)#10094#1
(38.0015, 48.6373)|(3.7859, 0.6619)#10094#1
(34.3657, 49.1492)|(3.7859, 0.6619)#10094#1
(56.7376, 36.4274)|(0.3400, 3.6733)#10092#0
(56.7376, 39.7607)|(0.3400, 3.6733)#10092#0
(56.7376, 43.0940)|(0.3400, 3.6733)#10092#0
(19.5070, 30.5019)|(3.1670, 0.3625)#10091#0
(22.5240, 30.2894)|(3.1670, 0.3625)#10091#0
(25.5410, 30.0769)|(3.1670, 0.3625)#10091#0
(28.5580, 29.8644)|(3.1670, 0.3625)#10091#0
(31.5750, 29.6520)|(3.1670, 0.3625)#10091#0
(34.5920, 29.4395)|(3.1670, 0.3625)#10091#0
(37.6089, 29.2270)|(3.1670, 0.3625)#10091#0
(40.6259, 29.0145)|(3.1670, 0.3625)#10091#0
(6.9819, 40.6464)|(5.3966, 3.9619)#10199#0
(5.2256, 35.6566)|(2.4240, 6.3178)#10199#0
(9.6052, 32.0459)|(6.6352, 1.2036)#10199#0
(13.9848, 35.6566)|(2.4240, 6.3178)#10199#0
(12.2285, 40.6464)|(5.3966, 3.9619)#10199#0
(7.7328, 61.5309)|(5.7553, 4.4549)#10198#0
(6.1410, 57.0083)|(3.0611, 6.5902)#10198#0
(10.1105, 53.7358)|(6.8779, 1.9549)#10198#0
(14.0800, 57.0083)|(3.0611, 6.5902)#10198#0
(12.4881, 61.5309)|(5.7553, 4.4549)#10198#0
(5.1047, 101.1521)|(4.9053, 3.6049)#10197#1
(3.5129, 96.6295)|(2.2111, 5.7402)#10197#1
(7.4823, 93.3570)|(6.0279, 1.1049)#10197#1
(11.4518, 96.6295)|(2.2111, 5.7402)#10197#1
(9.8600, 101.1521)|(4.9053, 3.6049)#10197#1
(3.8371, 106.6653)|(7.4282, 3.1647)#10196#1
(-1.3093, 101.5188)|(3.1647, 7.4282)#10196#1
(-1.3093, 94.2407)|(3.1647, 7.4282)#10196#1
(3.8371, 89.0942)|(7.4282, 3.1647)#10196#1
(11.1153, 89.0942)|(7.4282, 3.1647)#10196#1
(16.2617, 94.2407)|(3.1647, 7.4281)#10196#1
(16.2617, 101.5188)|(3.1647, 7.4282)#10196#1
(11.1153, 106.6653)|(7.4282, 3.1647)#10196#1
(-52.1922, 58.3771)|(2.3307, 4.5113)#10191#0
(-50.0115, 58.3771)|(2.3307, 4.5113)#10191#0
(-43.1283, 58.4780)|(2.3307, 4.5113)#10190#0
(-40.9477, 58.4780)|(2.3307, 4.5113)#10190#0
(39.9173, 37.4935)|(3.1942, 6.0484)#10189#0
(42.7715, 37.4935)|(3.1942, 6.0484)#10189#0
(-43.4250, 21.5700)|(7.8537, 4.8190)#10188#1
(-47.1685, 16.9934)|(3.6335, 8.3342)#10188#1
(-45.7721, 11.2864)|(6.0509, 7.0797)#10188#1
(-40.4981, 8.3759)|(8.4971, 2.7415)#10188#1
(-35.2241, 11.2864)|(6.0509, 7.0797)#10188#1
(-33.8276, 16.9934)|(3.6335, 8.3342)#10188#1
(-37.5712, 21.5700)|(7.8537, 4.8190)#10188#1
(16.6188, 92.2461)|(4.9053, 3.6049)#10187#0
(15.0270, 87.7236)|(2.2111, 5.7402)#10187#0
(18.9965, 84.4511)|(6.0279, 1.1049)#10187#0
(22.9659, 87.7236)|(2.2111, 5.7402)#10187#0
(21.3741, 92.2461)|(4.9053, 3.6049)#10187#0
(-6.0741, 92.2390)|(4.9053, 3.6049)#10186#0
(-7.6659, 87.7164)|(2.2111, 5.7402)#10186#0
(-3.6965, 84.4439)|(6.0279, 1.1049)#10186#0
(0.2730, 87.7164)|(2.2111, 5.7402)#10186#0
(-1.3188, 92.2390)|(4.9053, 3.6049)#10186#0
(-76.8723, 29.2091)|(4.9053, 3.6049)#10178#1
(-78.4642, 24.6866)|(2.2111, 5.7402)#10178#1
(-74.4947, 21.4140)|(6.0278, 1.1049)#10178#1
(-70.5252, 24.6866)|(2.2111, 5.7402)#10178#1
(-72.1171, 29.2091)|(4.9053, 3.6049)#10178#1
(-77.7857, 33.8594)|(7.9627, 4.1184)#10177#1
(-82.4263, 29.2188)|(4.1184, 7.9627)#10177#1
(-82.4263, 22.6561)|(4.1184, 7.9627)#10177#1
(-77.7857, 18.0155)|(7.9627, 4.1184)#10177#1
(-71.2230, 18.0155)|(7.9627, 4.1184)#10177#1
(-66.5824, 22.6561)|(4.1184, 7.9627)#10177#1
(-66.5824, 29.2188)|(4.1184, 7.9627)#10177#1
(-71.2230, 33.8594)|(7.9627, 4.1184)#10177#1
(-27.7285, 24.7405)|(7.7738, 3.3079)#10176#0
(-33.1194, 19.3497)|(3.3079, 7.7738)#10176#0
(-33.1194, 11.7259)|(3.3079, 7.7738)#10176#0
(-27.7285, 6.3351)|(7.7738, 3.3079)#10176#0
(-20.1047, 6.3351)|(7.7738, 3.3079)#10176#0
(-14.7139, 11.7259)|(3.3079, 7.7738)#10176#0
(-14.7139, 19.3497)|(3.3079, 7.7738)#10176#0
(-20.1047, 24.7405)|(7.7738, 3.3079)#10176#0
(-26.7689, 20.5181)|(5.8236, 3.4256)#10175#0
(-30.0445, 15.6046)|(1.0277, 6.7013)#10175#0
(-26.7689, 10.6912)|(5.8236, 3.4256)#10175#0
(-21.0953, 10.6912)|(5.8236, 3.4256)#10175#0
(-17.8197, 15.6046)|(1.0277, 6.7013)#10175#0
(-21.0953, 20.5181)|(5.8236, 3.4256)#10175#0
(21.7273, 52.7468)|(1.7414, 2.7848)#10299#0
(23.5708, 50.3021)|(2.2457, 2.4045)#10299#0
(25.8746, 48.2852)|(2.6618, 1.9293)#10299#0
(28.5415, 46.7810)|(2.9721, 1.3791)#10299#0
(31.4593, 45.8529)|(3.1635, 0.7772)#10299#0
(34.5051, 45.5006)|(3.2281, 0.2298)#10299#0
(37.5507, 45.8552)|(3.1631, 0.7795)#10299#0
(40.4678, 46.7856)|(2.9711, 1.3813)#10299#0
(-40.8044, 39.8912)|(2.0946, 3.5103)#10295#1
(-39.3236, 43.4448)|(1.1671, 3.8968)#10295#1
(-40.6213, 29.7839)|(2.0946, 3.5103)#10294#1
(-39.1404, 33.3374)|(1.1671, 3.8968)#10294#1
(-33.2005, 31.8155)|(2.9103, 1.5189)#10293#1
(-30.3295, 30.7431)|(3.1317, 0.9260)#10293#1
(-27.3000, 30.2689)|(3.2274, 0.3223)#10293#1
(-24.2397, 30.4454)|(3.1932, 0.6315)#10293#1
(-10.7514, 29.4595)|(2.3916, 2.2638)#10292#1
(-13.1853, 31.3220)|(2.7762, 1.7612)#10292#1
(-15.9484, 32.6479)|(3.0500, 1.1906)#10292#1
(-18.9242, 33.3812)|(3.2015, 0.5761)#10292#1
(-2.4934, 28.7813)|(4.7384, 0.6098)#10291#1
(116.2177, 54.6556)|(1.1128, 4.8317)#10290#0
(116.0088, 49.9413)|(0.7225, 4.8969)#10290#0
(117.3069, 45.4028)|(2.1736, 4.4801)#10290#0
(119.9602, 41.5009)|(3.4330, 3.6237)#10290#0
(123.7063, 38.6318)|(4.3591, 2.4146)#10290#0
(128.1647, 37.0867)|(4.8578, 0.9756)#10290#0
(132.8829, 37.0218)|(4.8785, 0.8487)#10290#0
(137.3817, 38.4458)|(4.4191, 2.2993)#10290#0
(130.5255, 40.0511)|(3.6749, 4.8222)#10289#0
(134.8102, 36.2312)|(5.1946, 3.1176)#10289#0
(140.2306, 34.3295)|(5.9462, 0.9859)#10289#0
(145.9615, 34.6705)|(5.8154, 1.6186)#10289#0
(151.1302, 37.1673)|(4.8222, 3.6749)#10289#0
(154.9501, 41.4520)|(3.1176, 5.1946)#10289#0
(156.8519, 46.8724)|(0.9858, 5.9462)#10289#0
(156.5109, 52.6032)|(1.6186, 5.8154)#10289#0
(-5.9002, 161.1598)|(1.5680, 3.4125)#10288#1
(-6.7129, 157.7501)|(0.3573, 3.7068)#10288#1
(-6.0187, 154.3168)|(1.4543, 3.4597)#10288#1
(-4.1308, 151.3827)|(2.6215, 2.7086)#10288#1
(-1.2637, 149.3944)|(3.4125, 1.5680)#10288#1
(2.1460, 148.5817)|(3.7069, 0.3573)#10288#1
(5.5793, 149.2759)|(3.4597, 1.4543)#10288#1
(8.5134, 151.1638)|(2.7086, 2.6216)#10288#1
(6.2322, 154.0802)|(2.6813, 2.6495)#10287#1
(8.1889, 156.9689)|(1.5322, 3.4279)#10287#1
(8.9733, 160.3865)|(0.3366, 3.7073)#10287#1
(8.2323, 163.8128)|(1.4905, 3.4452)#10287#1
(6.3123, 166.7260)|(2.6495, 2.6813)#10287#1
(3.4237, 168.6828)|(3.4279, 1.5322)#10287#1
(0.0060, 169.4672)|(3.7073, 0.3366)#10287#1
(-3.4202, 168.7262)|(3.4452, 1.4905)#10287#1
(-2.5286, 151.8855)|(3.1664, 2.0358)#10286#1
(0.7339, 150.6466)|(3.6585, 0.7421)#10286#1
(4.2213, 150.7545)|(3.6164, 0.9495)#10286#1
(7.4028, 152.1869)|(3.0466, 2.2152)#10286#1
(9.7939, 154.7277)|(2.0358, 3.1664)#10286#1
(11.0328, 157.9901)|(0.7421, 3.6585)#10286#1
(10.9249, 161.4776)|(0.9495, 3.6164)#10286#1
(9.4926, 164.6590)|(2.2152, 3.0466)#10286#1
(-16.7915, 162.8305)|(2.4830, 5.5176)#10285#1
(-18.1285, 157.2208)|(0.4911, 6.0018)#10285#1
(-16.9863, 151.5723)|(2.2958, 5.5951)#10285#1
(-13.8803, 146.7450)|(4.2163, 4.3595)#10285#1
(-9.1633, 143.4737)|(5.5176, 2.4830)#10285#1
(-3.5536, 142.1367)|(6.0018, 0.4911)#10285#1
(2.0949, 143.2789)|(5.5951, 2.2958)#10285#1
(6.9222, 146.3849)|(4.3595, 4.2162)#10285#1
(5.4202, 177.3286)|(9.9989, 4.9618)#10170#0
(-0.6601, 171.2483)|(4.9618, 9.9989)#10170#0
(-0.6601, 162.6494)|(4.9618, 9.9989)#10170#0
(5.4202, 156.5691)|(9.9989, 4.9618)#10170#0
(14.0191, 156.5691)|(9.9989, 4.9618)#10170#0
(20.0995, 162.6494)|(4.9618, 9.9989)#10170#0
(20.0995, 171.2483)|(4.9618, 9.9989)#10170#0
(14.0191, 177.3287)|(9.9989, 4.9618)#10170#0
(6.9353, 172.8466)|(7.2243, 4.2048)#10169#0
(3.2105, 168.2929)|(3.0253, 7.7024)#10169#0
(4.5999, 162.6147)|(5.4305, 6.4541)#10169#0
(9.8474, 159.7188)|(7.8645, 2.1377)#10169#0
(15.0949, 162.6147)|(5.4305, 6.4541)#10169#0
(16.4843, 168.2930)|(3.0253, 7.7024)#10169#0
(12.7596, 172.8466)|(7.2243, 4.2048)#10169#0
(123.6903, 69.6858)|(3.1766, 0.3036)#10284#0
(120.7458, 69.1162)|(3.0124, 1.1357)#10284#0
(118.1012, 67.7184)|(2.5767, 1.9600)#10284#0
(116.0075, 65.5820)|(1.9107, 2.6127)#10284#0
(114.6632, 62.9098)|(1.0778, 3.0317)#10284#0
(114.1390, 59.9553)|(0.2707, 3.1774)#10284#0
(139.2427, 62.1765)|(0.4114, 3.1685)#10283#0
(138.5425, 65.0882)|(1.2891, 2.9549)#10283#0
(137.0036, 67.6532)|(2.0887, 2.4752)#10283#0
(134.7571, 69.6283)|(2.7043, 1.7749)#10283#0
(132.0161, 70.8260)|(3.0777, 0.9205)#10283#0
(129.0406, 71.1587)|(3.1733, 0.3588)#10283#0
(152.3750, 70.7543)|(3.1198, 0.7377)#10282#0
(149.3862, 70.8803)|(3.1578, 0.5021)#10282#0
(146.5021, 70.0828)|(2.9104, 1.3929)#10282#0
(143.9963, 68.4492)|(2.4012, 2.1741)#10282#0
(142.1064, 66.1306)|(1.6785, 2.7632)#10282#0
(141.0118, 63.3468)|(0.8107, 3.1044)#10282#0
(22.0848, 164.0403)|(4.9053, 3.6049)#10163#1
(20.4930, 159.5178)|(2.2111, 5.7402)#10163#1
(24.4625, 156.2452)|(6.0279, 1.1049)#10163#1
(28.4319, 159.5178)|(2.2111, 5.7402)#10163#1
(26.8401, 164.0403)|(4.9053, 3.6049)#10163#1
(22.0911, 177.5636)|(4.9053, 3.6049)#10162#1
(20.4993, 173.0411)|(2.2111, 5.7402)#10162#1
(24.4687, 169.7685)|(6.0279, 1.1049)#10162#1
(28.4382, 173.0411)|(2.2111, 5.7402)#10162#1
(26.8464, 177.5636)|(4.9053, 3.6049)#10162#1
(11.9808, 177.6431)|(4.9053, 3.6049)#10161#1
(10.3889, 173.1205)|(2.2111, 5.7402)#10161#1
(14.3584, 169.8480)|(6.0279, 1.1049)#10161#1
(18.3279, 173.1205)|(2.2111, 5.7402)#10161#1
(16.7360, 177.6431)|(4.9053, 3.6049)#10161#1
(7.5210, 199.4724)|(1.6034, 3.1013)#10281#0
(6.4068, 196.3981)|(0.9250, 3.3472)#10281#0
(5.9579, 193.1548)|(0.2726, 3.4393)#10281#0
(6.2894, 189.8987)|(0.8091, 3.3731)#10281#0
(7.2918, 186.7862)|(1.4958, 3.1519)#10281#0
(8.9487, 183.9670)|(2.1179, 2.7863)#10281#0
(8.2421, 218.0269)|(1.6034, 3.1013)#10280#0
(7.1278, 214.9526)|(0.9250, 3.3472)#10280#0
(6.6790, 211.7094)|(0.2726, 3.4393)#10280#0
(7.0105, 208.4532)|(0.8091, 3.3731)#10280#0
(8.0129, 205.3407)|(1.4958, 3.1519)#10280#0
(9.6698, 202.5216)|(2.1179, 2.7863)#10280#0
(6.3780, 342.3116)|(2.5288, 4.9077)#10157#0
(8.7569, 342.3116)|(2.5288, 4.9077)#10157#0
(5.8932, 353.5508)|(3.8879, 5.7569)#10156#0
(7.7621, 349.8129)|(6.6242, 2.0190)#10156#0
(9.6311, 353.5508)|(3.8879, 5.7569)#10156#0
(6.5216, 362.7509)|(2.5288, 4.9077)#10155#0
(8.9004, 362.7509)|(2.5288, 4.9077)#10155#0
