[99, 99, 99]
[104, 104, 104]
[129, 129, 129]
[146, 146, 146]
[223, 83, 80]
[198, 96, 81]
[255, 149, 126]
[199, 114, 77]
[223, 107, 53]
[223, 145, 85]
[221, 152, 40]
[255, 198, 87]
[215, 173, 85]
[238, 185, 71]
[239, 202, 111]
[252, 255, 77]
[84, 176, 71]
[107, 196, 126]
[93, 212, 119]
[80, 186, 116]
[60, 172, 121]
[183, 208, 199]
[95, 125, 123]
[103, 178, 178]
[211, 231, 236]
[207, 239, 247]
[161, 221, 237]
[83, 94, 97]
[159, 192, 203]
[123, 185, 221]
[84, 145, 187]
[55, 150, 217]
[80, 93, 223]
[128, 113, 221]
[138, 115, 178]
[141, 75, 190]
[184, 0, 255]
[45, 21, 38]
[168, 109, 127]
[101, 39, 55]
[189, 87, 111]
[187, 75, 79]